Frequencies  
idade.cut  
Type: Factor  

                 Freq   % Valid   % Valid Cum.   % Total   % Total Cum.
------------- ------- --------- -------------- --------- --------------
      [13,18)    3942    28.732         28.732    28.711         28.711
      [18,23)    6126    44.650         73.382    44.618         73.328
      [23,28)    1701    12.398         85.780    12.389         85.717
      [28,33)     796     5.802         91.582     5.798         91.515
      [33,38)     516     3.761         95.343     3.758         95.273
      [38,43)     299     2.179         97.522     2.178         97.451
      [43,48)     169     1.232         98.754     1.231         98.682
      [48,53)     106     0.773         99.526     0.772         99.454
      [53,58)      48     0.350         99.876     0.350         99.803
      [58,63)      17     0.124        100.000     0.124         99.927
         <NA>      10                              0.073        100.000
        Total   13730   100.000        100.000   100.000        100.000