
                     Freq  % Valido  % Valido Cum.   % Total   % Total Cum.
----------------- ------- --------- -------------- --------- --------------
          [0,100)     246      2.43           2.43      1.79           1.79
        [100,200)      31      0.31           2.73      0.23           2.02
        [200,300)     179      1.77           4.50      1.30           3.32
        [300,400)     890      8.78          13.28      6.48           9.80
        [400,500)    2307     22.77          36.05     16.80          26.61
        [500,600)    3352     33.08          69.14     24.41          51.02
        [600,700)    1888     18.63          87.77     13.75          64.77
        [700,800)     805      7.95          95.72      5.86          70.63
        [800,900)     298      2.94          98.66      2.17          72.80
       [900,1000)     136      1.34         100.00      0.99          73.79
             <NA>    3598                              26.21         100.00
            Total   13730    100.00         100.00    100.00         100.00